1.383116925022790440e+02 -3.977678171883724900e+01 3.903725194321874170e+01 6.145914398588551819e+01 8.317380830394870372e+01 2.234541686508439550e-03 3.111912715531948948e+02
1.296051884700949017e+02 1.449219589391664442e+02 5.348919550397410916e+01 5.916043065739014395e+01 5.014388561351232454e+00 6.142733739967047753e-03 1.150067599892190628e+02
1.487976347864201045e+02 5.223898056591024641e+01 -1.933541122610703411e+01 5.789446122600506328e+01 7.967960231135559468e+01 3.914230277648717699e-03 2.527039689823637900e+02
-4.657177184464031683e+01 6.790650646677981683e+01 -2.189413655338831788e+01 5.713282210407508188e+01 3.566920796196455257e+01 3.858704958502337089e-03 2.110791809432740820e+02
8.043936347746461024e+01 -2.631219294815827325e+01 -4.520398525854621852e+01 5.663838855091735525e+01 6.475376677460965347e+00 8.651871615490525080e-03 8.905255528152964928e+01
1.477412565645710743e+02 5.238469460636853370e+01 -1.840540142292520542e+01 5.656901626701280605e+01 3.883029665887386628e+00 6.056644157104691152e-03 8.521829512571896714e+01
-4.537874469207188355e+01 6.772110214681241303e+01 -2.161493924017047163e+01 5.596729082828213819e+01 1.627444661374208934e+01 4.971520606522701960e-03 9.869290751752215840e+01
-2.093656394350773553e+01 7.520503672890647806e+01 -4.533596094780678243e+01 5.559210186054462355e+01 4.591258309724555176e+01 4.310138231362676230e-03 2.333501520846483004e+02
-2.073605310505913124e+01 7.529831039271265070e+01 -4.475838704923173594e+01 5.499059773027421727e+01 1.699902594870525263e+01 4.249463726151898359e-03 1.614432742098733229e+02
8.077132274317170868e+01 -1.157182781019223405e+01 -4.809028717554397048e+01 5.315286235192083097e+01 1.407438311610814097e+01 8.830940904995844554e-03 8.991762094073274625e+01
-4.324120924450355119e+01 6.765577762951809859e+01 -1.935948349142238101e+01 5.305464050663330511e+01 6.412738750528044207e+00 4.823209596961469149e-03 1.592660625577122460e+02
7.925844017923161289e+01 -4.962198334695588642e+01 8.941399696392569751e+01 5.266644523900786368e+01 6.116207775382342504e+01 3.599124207104887913e-03 2.986832534899813254e+02
4.392124056928022213e+01 -4.930870158324801622e+01 7.822035820811635176e+01 5.207575852591546806e+01 5.361150663076941214e+01 3.881013872118820734e-03 2.182957505618909124e+02
-2.661251606356478305e+01 1.518856610374501059e+01 1.410685696196522656e+02 5.202273251839732637e+01 1.103955688163059223e+00 3.509091527196180754e-02 4.392827096418099586e+01
-2.171922328882598663e+01 1.248832340412513631e+01 1.443825662451353651e+02 5.201450105550730285e+01 1.601598408425347064e-01 7.674524443233141091e-02 1.196656237977593307e+01
1.496208295242606141e+02 3.905341752407182554e+01 5.758688658582684639e+01 5.172394710390526740e+01 5.966040892084564007e+01 2.896664326477162328e-03 3.217070134279637159e+02
1.161172556743379261e+02 -4.514045924277046140e+01 8.609437360380768212e+01 5.130702705771637540e+01 1.146854793659353433e+01 4.477178978659271738e-03 9.287345222087331820e+01
-4.766341762942872151e+00 1.486335723322702052e+02 6.862613412962711834e+01 5.114283844294362780e+01 1.958548706121342775e+01 5.835666747334829207e-03 1.613154378309655783e+02
-4.869923027914535396e+01 3.894125345383049108e+01 8.501130328264083857e+01 5.109427165180216690e+01 5.735521788830355661e+01 5.026223771050958126e-03 2.668582997311689269e+02
5.588811415316808251e+01 -4.934869821210031660e+01 9.272046653899181479e+00 5.102280864865542753e+01 9.837708781237676448e+00 3.603656449040763560e-03 1.571317889235846224e+02
-4.722401069134593143e+01 1.019202405726295808e+02 7.519497523820915319e+01 5.090262637574732452e+01 6.259369583896179989e+01 4.853466185270520136e-03 2.460296142266257107e+02
2.050598565735572620e+01 6.318186787082463951e+01 1.481988189437510357e+02 5.068013774815678829e+01 2.276287517353471301e+01 2.979570425256575575e-03 1.445684925398273037e+02
-4.774243879618647668e+01 7.589314166646012438e+01 1.010385832733360587e+02 5.059423860606445089e+01 2.750209261337009536e+01 4.535749442018865464e-03 1.823690610877571601e+02
1.529074418697957150e+01 6.555957448313424152e+01 1.482686117067299847e+02 5.045547609995926308e+01 6.534982034680783869e+00 5.302243506650100233e-03 1.483250724221773282e+02
1.645918577444009401e+01 2.591019892797635293e+01 1.484364227282056277e+02 5.040869099255020558e+01 5.637419786762189133e+00 8.386560569575304824e-03 2.108404955924925730e+02
-3.375392382287428461e+01 6.606886145795007792e+01 -2.821770516457129219e+01 5.026195649633174156e+01 2.913226017718615779e+01 3.878527086062871776e-03 1.324336954772813328e+02
2.167833994138149478e+01 6.205600708501562224e+01 1.479427063648567184e+02 5.025499395726176033e+01 4.470547244120481878e+00 3.587670246562345462e-03 8.354325151706294150e+01
1.783270535609681673e+01 6.349267105421265001e+01 1.477015769519772164e+02 5.017753792276629099e+01 5.181264435988007477e+01 4.313641445858057075e-03 3.020748502682583307e+02
1.112570901975969484e+01 -4.879589641197416228e+01 4.047752603879825273e+01 5.005087148046229828e+01 6.971159410335926232e+00 3.799454321949793066e-03 1.627849159393316540e+02
1.481566581382838876e+02 3.226812225431129377e+01 5.867101399260204886e+01 5.004517468562274018e+01 2.643724883963026073e+01 4.952035408975697522e-03 2.293226271456405811e+02
4.474536940493099735e+01 -4.686180906461830631e+01 7.740198155863640750e+01 4.980949686487524275e+01 1.394185073506221784e+02 2.611173699972567375e-03 6.229754149135203534e+02
5.737325809541957966e+01 -4.785249859576386910e+01 2.924197902651302883e+01 4.974035558619858222e+01 8.012624207934091913e+00 2.995131091707613127e-03 1.279170239546278367e+02
1.780370798186433490e+01 6.352160048529844971e+01 1.472034278682044715e+02 4.968931682895296831e+01 1.004576549335635072e+01 5.750634383035808928e-03 2.306412447192799959e+02
4.947465430625074845e+01 1.473452575488637422e+02 6.131977967180009870e+01 4.966578153321329125e+01 2.564712592964422200e+01 3.265432657809781876e-03 3.975915921046330936e+02
9.313707631327957870e+00 -4.703648996584546893e+01 5.724733908989963282e+01 4.955625125675973663e+01 1.813739834678131402e+01 1.334397918106382773e-02 1.184699159980223442e+02
3.954008231673737583e+01 -4.707776854628001217e+01 8.025930317379864221e+01 4.948065833489735610e+01 6.490844624788857686e+01 4.022967252237429417e-03 2.802960502212785059e+02
-4.786338973040978573e+01 4.015304033888409663e+01 5.114472153691372114e+01 4.941171923942042810e+01 2.428441891338229652e+01 2.776267239441094353e-03 1.903774362877925341e+02
-4.675171473595194271e+01 7.635798930984563526e+01 9.794152787010952466e+01 4.941115038622255895e+01 6.112656719791642246e+01 4.254644098516577842e-03 3.770283310153678826e+02
7.188740240239026491e+01 2.053684715665142235e+01 -4.708083781008664914e+01 4.938126937082537182e+01 8.157034333768304180e+01 2.692875353640212556e-03 3.116397205735069633e+02
5.041369010292533659e+01 -4.679800304744060924e+01 7.811825745909655438e+01 4.925367364706901441e+01 2.118944232742840938e+01 3.315998441685249695e-03 2.646983449493091598e+02
7.031126966380796262e+01 1.470658453871577933e+02 8.317991060545351445e+01 4.922740788585123539e+01 5.017994761056863240e+01 2.798630062381133113e-03 2.634655011916014473e+02
6.160882001820426446e+00 -4.620681313531038370e+01 5.911525243078038727e+01 4.916607652381858173e+01 3.437612081461460889e+01 8.046722306349431142e-03 2.136890092150863723e+02
2.834862646614958592e+01 1.476264171859757823e+02 8.221912675723029906e+01 4.910917124562053715e+01 5.153082664402077739e+00 2.828922010878680629e-02 6.717762946028864235e+01
8.439456227203353933e+01 1.464954832582565132e+02 6.263193025239441170e+01 4.910811102386503535e+01 1.479781403330372882e+02 2.260346383282935221e-03 3.999677330153693333e+02
2.468278399717811666e+01 6.399917182566644414e+01 1.463952683466998792e+02 4.893593184186987344e+01 5.028683049788453019e+01 1.829279581571615363e-03 2.231722004451033854e+02
-1.238328405744899285e+01 7.965189604233967202e+01 1.438778908451931784e+02 4.890652496109987624e+01 4.424309088168610238e+00 4.266980521955110288e-03 7.356008551016287811e+01
4.212258777216194261e+01 1.455308936354904858e+02 8.553625901120292951e+01 4.878804373301395714e+01 2.089099750509516582e+02 2.100272006844302285e-03 5.469280638596350173e+02
7.224406859212982113e+01 2.051029903882805883e+01 -4.627221403698321467e+01 4.863383370220120128e+01 1.226799758363453776e+02 2.962863686444535370e-03 4.779746924703424042e+02
1.251626150265399389e+02 1.992996499711156488e+01 1.358900861169796883e+02 4.858751254833236999e+01 2.826778555253864056e+01 3.449280001996363025e-03 1.767038357432757891e+02
8.007490840502683227e+01 1.450637258618495764e+02 9.435660898546740327e+01 4.842872899382683016e+01 6.164294443867147777e+01 2.592007627986727195e-03 3.045321699068811654e+02
5.701598329804772192e+01 1.452551281011544972e+02 7.702819077075997711e+01 4.827651197964560481e+01 3.642923049817902381e+01 3.086530082253960243e-03 2.165688058465987638e+02
1.571268108406495045e+01 1.471147147860064308e+02 5.953847207918404649e+01 4.799347498412337387e+01 7.041761463433983126e-01 9.660037848666522264e-02 2.207296832002488784e+01
8.199713253625421316e+01 1.384450981697492580e+02 1.162309211153881847e+02 4.787706570575933540e+01 1.298140562814821237e+02 3.817738893726425106e-03 3.622640963180180051e+02
8.279177765284910606e+01 3.843380794315439442e+00 -4.514654723091985034e+01 4.779451298043284879e+01 6.070263324966050078e+01 3.831671084847311504e-03 2.802600221786722727e+02
8.191712022742261468e+01 -4.124042033815067754e+01 -1.268266603482078025e+01 4.760100202422995608e+01 6.365904600527883872e+00 6.990299467985601825e-03 5.981085278336537669e+01
3.167060443966949634e+01 -4.615133439269856552e+01 5.904539194020528470e+01 4.756765799846114362e+01 1.714972527317748430e+01 4.472237315497075948e-03 2.059684577284806153e+02
7.132703624486201477e+01 -4.507915234469885490e+01 8.801506531051298055e+01 4.742766798452068144e+01 5.192466095321163877e+00 4.815611929273680598e-03 1.069309644126487058e+02
1.158226079914423501e+01 -4.451617156900934447e+01 9.919089008597075008e+01 4.711089343181466660e+01 3.315095516198276471e+01 9.232906472021910199e-03 1.925060556738312130e+02
1.429270281553872053e+02 4.307993576186647999e+01 1.043308652719748864e+02 4.708971333492922895e+01 7.517853106455083889e+01 3.364098249480075749e-03 4.259408742403281281e+02
1.439808597986831558e+02 5.040287381663168276e+01 1.836890835700593527e+01 4.706911959997265171e+01 1.506046386953699425e+02 1.650898271848327522e-03 4.714785210684300978e+02
3.677118362620945646e+01 1.445410035947764129e+02 8.217554539765728805e+01 4.704970678085576452e+01 3.243046280343575916e+01 4.166155266227128395e-03 2.130147852047758761e+02
1.147043499955390544e+01 -4.411776896289871530e+01 1.001074787705036755e+02 4.682389418421065130e+01 2.012718117741478707e+01 1.098725321910341834e-02 1.274369541394728458e+02
1.453370409511909997e+02 8.342967140834420547e+01 6.333394548815224567e+01 4.680852639002184645e+01 8.779296986484176557e+00 3.144756141688931708e-03 2.157636269989243942e+02
1.010130703207313871e+02 2.155514983610562041e+01 -4.317694997313343208e+01 4.664998520699759155e+01 5.250858064879635023e+00 6.597750846719257524e-03 5.698799399829757562e+01
2.720828251882458204e+01 1.451569776835112577e+02 8.249058154730802528e+01 4.662367307455230048e+01 4.868139955441134425e+00 2.013581177962902105e-02 6.921556678549697494e+01
3.063136828544680412e+01 -4.517588009175916852e+01 5.953208262590603539e+01 4.652273928888180876e+01 9.302132918018061858e+00 1.335070575024012787e-02 1.229630033755564540e+02
1.448776671269442033e+02 8.342301062294291114e+01 6.331895364901575363e+01 4.635956227722071077e+01 1.648554957833513512e+01 4.315976065268555331e-03 2.144936237289014969e+02
1.447280284854884655e+02 2.382518409318532804e+01 2.256618825181260846e+01 4.616553422182992250e+01 2.624359956027364404e+01 3.742544487616333154e-03 2.175272264192840055e+02
-4.386679600316797689e+01 6.488557394513446752e+01 8.065653685045877808e+01 4.608785931105445854e+01 1.054098648200601360e+02 2.480480591739939785e-03 4.413479850718094326e+02
-4.392702490851967667e+01 3.253888907170141209e+01 2.319154376650463334e+01 4.603033988370537344e+01 4.279850408379553528e+01 2.967050881536279459e-03 2.967010958773553284e+02
1.081803196285576405e+02 -3.895165912272681652e+01 4.091346578561302749e+01 4.578693554174779479e+01 2.998535037446614524e+02 2.924688803417087573e-03 5.164409286656949689e+02
-3.110288622375227163e+01 -1.256603816084636271e+01 -1.838535628358213003e+01 4.573203259614248850e+01 2.380257767961956095e+00 3.069505382578879490e-02 5.271760609500358186e+01
-4.836922870358931092e+00 2.323939903967580634e+01 1.431910950547295442e+02 4.571610201891635228e+01 4.187980697583248535e+00 2.070431880695839180e-02 8.231611994256604703e+01
1.409707432606024042e+02 -6.526313070497485880e-01 2.125388643146140311e+01 4.570329476631725640e+01 7.211539608477055197e+01 2.801949077222755727e-03 4.272160672459311854e+02
-4.310573913050829731e+01 7.216541122157615895e+00 2.933285705464108872e+01 4.568985849263607690e+01 6.854698734234520430e+01 2.759947310871669127e-03 3.166165932982586355e+02
1.180440611417390784e+02 1.356293517359504790e+02 5.333720688314378577e+01 4.560577601065165965e+01 6.686526367751042699e+01 4.457050531750520080e-03 2.733960104697716247e+02
3.003452996808736941e+01 1.423639688060981712e+02 3.324072216971469373e+01 4.560213250719233002e+01 1.192994873530012967e+02 2.813815746413617005e-03 3.592922162626764475e+02
-2.276113135999129256e+01 2.055675875122615182e+01 -3.583293863900204457e+01 4.559638846971493820e+01 3.011887349211503029e+00 1.527416598318599369e-02 4.821678474154833793e+01
3.004938255746504794e+01 1.421962106770691889e+02 3.314350187230591871e+01 4.544531781817122607e+01 1.610847198816182413e+02 2.074480559582962940e-03 5.863586037039991652e+02
1.416322805300790435e+02 5.522729013488137184e+01 1.122791350845797176e+01 4.535699823059113100e+01 1.545577689441058169e+02 2.272246974603118162e-03 6.494256878434932787e+02
4.988058423177425027e+01 -4.268576196763410735e+01 7.781583249574362071e+01 4.535002717980812292e+01 2.860543724294243262e+01 3.644664857093353472e-03 1.304924320272076272e+02
3.588437792909137869e+01 8.077709321153118083e+01 -4.206351028874730247e+01 4.468173874769630061e+01 5.344236161657824624e+01 4.229427295457283652e-03 3.670610304482378297e+02
5.056920356851951937e+01 -4.204303553839218210e+01 7.781202037079140155e+01 4.463835006503138914e+01 3.251619265871181597e+01 3.931985686156451790e-03 1.855410524070111364e+02
1.826496999741458183e+01 1.434106353270692011e+02 3.348376236482198465e+01 4.463462133759993833e+01 8.457072690642661428e+00 3.656093925994902735e-03 8.445832120216411454e+01
1.430754625293233460e+02 8.326863459656308919e+01 6.338440266145207858e+01 4.458302443604817000e+01 3.149623519971296748e+00 3.996778136205770930e-03 2.615624026957763704e+02
4.884470752951019534e+01 -4.165682793628704417e+01 7.750201244569066716e+01 4.446763984767985534e+01 4.417322593383222085e+01 2.841910359692699246e-03 1.984910531068320836e+02
1.414504358644060460e+02 6.913305859489724092e+00 1.708666000947788177e+01 4.446010027468974357e+01 1.359891923251936419e+01 3.980979813096093868e-03 2.152494185407496161e+02
8.712778738198784012e+00 1.031922823720236835e+02 -4.091405452824700717e+01 4.445707450686504814e+01 3.981969257895068637e+01 3.571534589651172847e-03 3.082165715498035183e+02
-4.197735076081870176e+01 1.434094383238109671e+01 8.805070631925921987e+00 4.443631469249830701e+01 4.350764686982867779e+00 1.249397987572100320e-02 1.067619758888780979e+02
3.933628827936571781e+01 7.268019942016984203e+01 -4.225385844119482215e+01 4.431596351705619696e+01 5.788353525076181683e+01 2.668245066885413085e-03 3.020742302313565233e+02
3.329642639333069809e+01 1.423448494700916171e+02 6.156459592820012716e+01 4.422783641110747510e+01 3.212470656278657799e+00 2.473440041285422664e-02 1.063973337284282223e+02
-4.225026796683883390e+01 9.319072079442096879e+01 5.373093111632418584e+01 4.420390422113379714e+01 2.239391365463009720e+01 3.117931341447451477e-03 3.319892235952704596e+02
2.766445117753692173e+01 3.701318207742396993e+01 -4.215755449035087565e+01 4.416910235140368002e+01 1.207970408764447257e+01 3.192642614688910325e-03 1.267288928962936723e+02
5.721153457233974393e+00 -4.090772468422512986e+01 6.074458399754949056e+01 4.403712869180716893e+01 2.751038114543364088e+01 8.173086381904061740e-03 2.769723840058239830e+02
8.338439259984822627e+01 -3.901930191715177187e+01 -5.653138234382773852e+00 4.351598346532246353e+01 2.189606516850622597e+01 4.358749925077359637e-03 1.124013301743120223e+02
-4.089513047554703462e+01 1.320178918888202269e+01 7.237789688361023366e+01 4.337012458345199661e+01 3.643837432337728899e+01 2.858860390494531202e-03 2.388202294310397349e+02
9.588165839108673083e+01 2.509099794822758867e+01 -4.052556062140339321e+01 4.323764377194603270e+01 5.846289926465535913e+00 6.782801343946382421e-03 6.970774607795559064e+01
2.066737903629250184e+01 5.456312666357560914e+01 -4.133459230949817709e+01 4.316879445678166149e+01 1.146080302142090090e+01 3.727999039498039457e-03 1.524411114654273547e+02
-4.038016999528520046e+01 6.689106830447563823e+01 4.866349833114583134e+01 4.316314017681807513e+01 8.495425400423668805e+01 2.562377857586348086e-03 3.778135361702205159e+02
1.033982917139015996e+02 1.386930656785058602e+02 6.177022008976641132e+01 4.310580383051846098e+01 4.743094167722745880e+01 3.002672722182768948e-03 1.920409619379865660e+02
-4.000317000285276237e+01 6.695616704582916157e+01 4.857299024312025892e+01 4.279270144133754883e+01 3.824859529821151227e+01 2.817505223512829435e-03 1.668367397380837360e+02
1.732096981835547922e+01 3.219024795197088196e+01 -4.047794455483582965e+01 4.264861194041311876e+01 4.640264790644811121e+00 2.881670874349799398e-03 2.903140098478629056e+02
6.059082168631485388e+01 6.029682241913232588e+01 -4.138097664275990439e+01 4.258684562973689935e+01 8.976861303913896251e+00 4.248704780887474323e-03 6.575421604808124698e+01
3.297649746923456604e+01 8.035739834188022712e+01 -4.030343214729096246e+01 4.251971354378778756e+01 1.499617332135372294e+01 4.220289760437063477e-03 1.260174418497374518e+02
1.603418220419299445e+01 1.419838534362710050e+02 6.695725343843074029e+01 4.241929538395800137e+01 5.397843904264199022e-01 1.402511447592319493e-01 2.615259589814716534e+01
5.947314779998121992e+01 5.921966479352020229e+01 -4.101470736001230932e+01 4.237445956799589908e+01 3.644489475941664125e+01 4.339070141543640083e-03 2.348696008570531149e+02
8.869498446295104088e+01 1.049303460321095258e+02 -3.732135976986390347e+01 4.232451994733224865e+01 5.159265446932136712e+01 4.003452592923022538e-03 3.335780575479509480e+02
5.083036969437087293e+01 -4.026873010132070618e+01 5.116753168088619219e+01 4.231449517907767444e+01 3.413303681974062442e+01 2.226913285993181030e-03 1.720074476284231650e+02
5.511323604611942528e+01 -4.030505363690051013e+01 8.951231589661434285e+00 4.225062095431724174e+01 1.490859073275863445e+01 3.637192738284040269e-03 3.085894578667299584e+02
1.405712045486821182e+02 3.634223178605518711e+01 3.594838518883253897e+01 4.224248250720461328e+01 2.957879869642940918e+01 3.252046175172700320e-03 2.728407041768973045e+02
1.496854664922423339e+01 1.410712900021717644e+02 5.812778508188714000e+01 4.223952516551385372e+01 8.897358058648257018e-01 6.503897099482817967e-02 3.099473172331897430e+01
4.444071495453991361e+01 -3.910464714002769426e+01 7.639058862955977247e+01 4.223380484959227488e+01 4.084976109662868993e+01 2.868708487010773484e-03 3.042260520327524773e+02
-3.861923685771306936e+01 5.345682965277196885e+00 6.286234234349919348e+01 4.211035146498191040e+01 4.830382163287612229e+01 2.784182837685133995e-03 3.147291303919503207e+02
1.381683562405962675e+02 5.510739958389214621e+01 1.143155257564360383e+01 4.210291275938470079e+01 1.509971584527545190e+02 1.915515312645504334e-03 5.042249600394051186e+02
7.929058992684193896e+00 1.408597805372444043e+02 7.892830760735891715e+01 4.201221299124137687e+01 8.199294165398956835e+00 8.473743882723878962e-03 1.110387742381345788e+02
5.851997321707636956e+01 -4.009435722692436599e+01 9.106258632607485026e+01 4.197017592213905601e+01 4.261952767955783372e+00 4.595453075007248020e-03 1.315075935867394605e+02
7.335220697720832561e+01 1.392292844448128903e+02 8.777514181907010027e+01 4.184192260432163124e+01 3.805774452016999021e+01 2.785658944912863116e-03 1.729499714583876369e+02
1.400107377353989477e+02 1.771366113833942535e+01 3.802941960045334469e+01 4.168991109202307399e+01 2.631144062989908150e+01 3.082603717741227729e-03 2.621605017425475239e+02
8.179799054606297659e+01 1.625803921909011240e+00 -3.877202120275573094e+01 4.166671041961752309e+01 1.855769943399472766e+01 7.025278325848237533e-03 9.497559910018881624e+01
-3.878422170728786256e+01 6.689882894481463893e+01 4.884226275422894048e+01 4.161884731938112481e+01 1.063845033536419926e+01 2.795512986761907858e-03 2.399467913545415172e+02
1.073458984598401571e+02 -3.745694359408821583e+01 8.564672579038179379e+01 4.159064058478965364e+01 2.349753782523092838e+01 6.498478273641533284e-03 1.183546341650882283e+02
7.520149576234502753e+00 1.392753204844819379e+02 1.363192453161550866e+01 4.150285235052593436e+01 6.351711743700425927e+01 4.542407501214226415e-03 2.449702905247407045e+02
-3.915471255109157056e+01 3.617121677393119938e+01 2.322901517504702440e+01 4.142515480396682648e+01 4.216323119802561337e+01 3.011682970322397852e-03 3.385147542298464032e+02
2.506934401722991979e+01 5.977533504122241936e+01 -3.919713479853040639e+01 4.139901236970015930e+01 3.638418754124799648e+01 4.004410648898546789e-03 2.289641782369175473e+02
-3.856940996518975151e+00 2.301237755448375921e+01 1.389299647126682089e+02 4.137552957641192108e+01 1.594056567155332838e+00 2.365915500846275249e-02 5.988506447837750102e+01
-1.703354473315139472e+01 4.500272019207584151e+01 1.322092917615109684e+02 4.136707808935310737e+01 1.443622148835234498e+02 2.587645330349810403e-03 3.270324149696999143e+02
-3.899017149070614607e+01 3.961959301875357653e+01 8.240800527223366601e+01 4.132909909475231558e+01 1.678603803287900575e+01 4.976070706683082684e-03 1.299319323547553608e+02
3.975949120530661673e+01 1.380688992449510692e+02 8.397950411517648206e+01 4.130674393715415960e+01 4.926944927129582652e+01 2.377206154006402446e-03 2.685757174129504392e+02
-3.753514710125841702e+01 9.382343223601813520e+01 7.776721611365161380e+01 4.119741222024538274e+01 1.378691231724760655e+02 3.595372877171579620e-03 4.749515545385743280e+02
7.903227719154249087e+01 1.383319063575671635e+02 6.365572377095381995e+01 4.116491598194749457e+01 1.387817910886920458e+02 2.391900880439971552e-03 4.373563070550003431e+02
9.088610688723450437e+01 1.377920333325954232e+02 6.435956711701730626e+01 4.111733488422720484e+01 1.601588221293993115e+02 2.206863837841817940e-03 4.535359854193571891e+02
-3.835336575791539815e+01 7.228810214967514014e+01 4.263981162261350022e+01 4.104349048842109937e+01 2.796028858551584051e+01 2.379605936285848246e-03 4.853365650661110067e+02
-3.769270134081090617e+01 9.926452611884023725e+00 8.021807084720959935e+00 4.097076012421452873e+01 3.199862511640268536e+01 1.368121277924290100e-02 2.963161419971058308e+02
1.386656339934297364e+02 1.372173195939505597e+01 5.507523492735392523e+01 4.093995333227593392e+01 4.956178288476736071e+01 3.400436776862760489e-03 4.277273589600929427e+02
8.660572805102735572e+01 -3.515686534899496252e+01 1.089296597892754477e+02 4.092898475544939174e+01 3.094587487564607287e+01 5.244732168520588322e-03 1.615142403539119300e+02
2.743764115804556525e+01 3.451619284274584487e+01 -3.830400060288864239e+01 4.091935045717733743e+01 2.973061789092317397e+01 1.700899179132734761e-03 5.770715612636811329e+02
4.981056301729360314e+01 -3.868609509239034594e+01 5.257644605050989384e+01 4.080162527537513739e+01 4.254811376669920975e+01 1.961002982510063643e-03 2.330311145439593190e+02
5.650063520157486607e+01 9.365684239312022896e+01 1.393922500303477250e+02 4.080155378937886468e+01 2.039954819080633541e+01 4.670684399046817759e-03 1.686966324974054032e+02
-3.830079799913182370e+01 3.253983837990656269e+01 8.612407271409868770e+01 4.066326601333074819e+01 1.970977542898304335e+01 4.789804911540686619e-03 9.901233793281663509e+01
5.544708836026524068e+01 1.370610300827264041e+02 7.721694940145675901e+01 4.065552415647766793e+01 5.716101487772974110e+01 2.954916930945100662e-03 5.663242077293548391e+02
7.029901392028219220e+01 6.374053574973248004e+01 1.381721618247421191e+02 4.050431293880499339e+01 3.559895610133500554e+01 3.560505698262498436e-03 2.137258722221745586e+02
4.847224564626839793e+01 -3.868478589582836946e+01 9.722198109698894086e+01 4.048160667654083511e+01 1.686313005667652476e+01 4.204777748202864936e-03 1.204497816858000334e+02
-3.774270515619286215e+01 8.158664058736972891e+01 1.984303562773065011e+01 4.045994800222457854e+01 1.104567195531682415e+02 2.827814321643227786e-03 3.276142285715786215e+02
4.724246979591319473e+01 9.503974241455161120e+01 -3.624744500569295269e+01 4.041519041682569480e+01 1.952091313752476367e+02 2.672405797097561660e-03 5.157437513771205886e+02
-3.784778186014397505e+01 2.645380474640114343e+01 8.683083370285321223e+01 4.032609007915327481e+01 4.160066553237881948e+01 4.492592821888593754e-03 1.828808450271394008e+02
1.224906352714866564e+01 -3.783512971174243233e+01 5.512760306719665238e+01 4.031817286248818988e+01 1.546201314989035680e+01 8.500204443677585042e-03 2.819406161389418344e+02
7.050906912324246711e+00 1.379327332927731220e+02 1.319138395447857270e+01 4.026104286732375925e+01 2.598208462424307896e+01 3.934330999484200037e-03 1.924040446210715345e+02
1.252258619958269925e+01 1.380337576622926576e+02 5.395418775578864512e+01 4.020002261171050151e+01 2.247004652331824559e+01 6.158831450538994161e-03 2.747474651864388306e+02
1.226204732926320951e+01 -3.870717849359987639e+01 1.069411609555796261e+01 4.011429912520161167e+01 1.528172030505745660e+01 5.390634974209607133e-03 1.679508885150528386e+02
-1.426535952954690778e+01 -3.200702542071582002e+01 1.791312636026875182e+01 3.992562783717747976e+01 4.784296102537019379e+01 5.602306629302055384e-03 1.715120555982563815e+02
1.983136865062034104e+01 4.033437916024686132e+01 1.375649702533999630e+02 3.985087071890899324e+01 1.244922114747754804e+01 3.871058465638226032e-03 2.073170186909370614e+02
2.702753777783571820e+01 1.383165281669820388e+02 8.163736959718602293e+01 3.977462231055537245e+01 5.753079011216994942e-01 3.389657476721950891e-02 3.240731595483414651e+01
-3.724351967426719057e+01 2.624105306383534142e+01 8.678244482707097518e+01 3.974832495807713428e+01 6.091081339683816509e+01 4.207574279094457997e-03 3.114153914982080096e+02
3.740742556726891621e+01 1.370190013204623938e+02 6.008254190404363015e+01 3.974228309541994264e+01 1.253614617357632284e+02 3.169806864383992607e-03 3.886257783179768808e+02
1.473503908194322420e+01 1.384713658570437360e+02 5.791229031409571348e+01 3.973191809717791756e+01 1.860079248761596027e+00 4.675494502535555708e-02 2.571968046686742326e+01
8.421450943980222092e+00 1.375673442252309826e+02 1.390958520100457463e+01 3.971361193712786530e+01 2.716985092214953568e+01 7.251491994376267625e-03 1.485276344302182849e+02
-2.459447964788339291e+01 1.149367616059871011e+02 1.126282865087162577e+02 3.968480197078525862e+01 5.752167911815085688e+00 6.417869022756269616e-03 7.489321591960924707e+01
-3.694762765964919993e+01 8.098413072423169012e+01 1.900730042621848170e+01 3.968214879799826633e+01 1.028456731758665512e+02 2.513984760055043566e-03 3.356759250058005364e+02
-3.587247891944137734e+01 9.536097027319048891e+01 7.715797025409867160e+01 3.957187029555117164e+01 3.221591058998838264e+01 4.701169490612230363e-03 1.310335817147866919e+02
6.143626034693088656e+01 1.374064750361520737e+02 1.438835791109004880e+01 3.954655871752130025e+01 5.231766003742269788e+01 3.962607989592216266e-03 2.516886921407386808e+02
1.482959011691500173e+01 2.544914419577834153e+01 -3.723804256003301560e+01 3.940318271820445517e+01 3.840652764002192754e+01 4.049836798083263772e-03 2.374047826643125063e+02
7.980619529062219897e+01 1.335239946166885829e+02 1.032255514620994035e+02 3.938716046816306005e+01 2.434272305206304736e+02 2.693803688990177667e-03 4.164498261437011593e+02
5.406141519295967157e+01 1.103375905616550767e+01 -3.736021640619929229e+01 3.937492490730042505e+01 6.381154484177383779e+01 4.173201751326752196e-03 2.789661783318401831e+02
1.362586550714769089e+02 7.351169102171550662e+01 3.495966367918894946e+01 3.936109940725329892e+01 1.426436501074901457e+02 2.538283344254224205e-03 3.703898376982546097e+02
1.349095291778037051e+02 5.415851239891836855e+01 1.759063760229799156e+00 3.931068750341847107e+01 1.602319018806281292e+01 5.333536403028746493e-03 1.481488955353809729e+02
5.392123874295819519e+01 8.286534207180203282e+01 1.369540526231129718e+02 3.927771921895583773e+01 2.922182421609146274e+01 3.057462585064044894e-03 2.394306662985612491e+02
1.347741271890370456e+02 5.417717464208342193e+01 1.844228144583170970e+00 3.917548066418895303e+01 7.093942573194187418e+00 7.486358687534714305e-03 1.248504924274988497e+02
4.822248184530528192e+01 1.351716602420014794e+02 8.466139421056364256e+01 3.913490085546806085e+01 1.876854891745659870e+02 1.997953772441763993e-03 6.152292151329399985e+02
1.359140273115164916e+02 7.336700377754237934e+01 3.486122769264176213e+01 3.902144401782232563e+01 1.129071683575175058e+02 2.148827523650349933e-03 4.072189931789030197e+02
7.661530870174809493e+00 -3.634438315255701468e+01 6.304629547925632949e+01 3.881987851081824914e+01 9.965255107845255589e-01 2.709647982166124569e-02 2.427551254655569224e+01
8.592844660548357183e+01 6.413655940230819397e+01 1.363193672983180136e+02 3.862484933874826254e+01 5.778341692932475837e+01 2.581026799439622293e-03 3.181220345619686327e+02
8.490981661152609661e+01 1.362941550019588703e+02 8.971487207134208575e+01 3.861906510191565189e+01 3.080351739924708454e+01 3.054412998029778885e-03 1.700927721563311366e+02
1.371831196369432178e+02 1.010832455082681847e+01 8.817893139859440055e+01 3.858255139825749325e+01 9.375706758841293009e+00 5.260610251058500143e-03 1.460681413374903457e+02
6.661220289287460794e+00 -3.547598075212976454e+01 6.168736349454125190e+01 3.851908596315785616e+01 2.798572589778835606e+00 2.819788607156760440e-02 6.563582789202834533e+01
-1.606856509585155024e+01 1.207795071189880431e+01 1.319250552837050066e+02 3.847046701127609936e+01 4.949218967923055268e-01 8.030930949393877416e-02 2.233886766913320443e+01
-3.605148272994770764e+01 3.859539951486420506e+01 8.898653887692124442e+01 3.842851142973925960e+01 2.320844789953756404e+01 4.492480848482629727e-03 1.658409950537718487e+02
7.037164331348769508e+01 1.024301173791481290e+02 1.353545317436369544e+02 3.842098764471331407e+01 7.249958514690754363e+00 4.404483091715791915e-03 1.570439024070428218e+02
1.350969839089851234e+02 7.445657645208930830e+01 3.697106148593530150e+01 3.816834584554209187e+01 1.459749810083700652e+02 2.411883386977204270e-03 4.108742284922446402e+02
5.424882093280818651e+01 1.107422611467368156e+01 -3.609139380954746201e+01 3.813256467231733637e+01 2.820954652106637894e+01 4.757380761221093393e-03 1.700404184702953785e+02
4.621736736264740841e+01 -3.470253634299748313e+01 7.722586119283138828e+01 3.812406937745877400e+01 1.068911850158838348e+02 2.789455202235367921e-03 4.293642753974128254e+02
1.346136632075588579e+02 1.010541021623497215e+02 6.201297639095523229e-01 3.811719337678143660e+01 5.915308328713713593e+00 1.900639126256452663e-02 1.035980732164281903e+02
-2.205823707483525808e+01 1.521563561388095565e+01 1.268868308012618797e+02 3.809648093221942844e+01 5.735773059341388702e+00 2.067604943543337181e-02 6.028004714574078804e+01
1.356857252382567083e+02 6.406640243883190067e+01 1.459153547983907728e+01 3.789059544205221641e+01 3.359002816524751012e+01 2.380242958145959136e-03 1.718865431903632839e+02
1.335754143419806041e+02 5.509518501909094113e+01 8.824351757757904480e+00 3.780677662594114707e+01 1.790075737788030352e+01 3.617195897457718082e-03 1.856194696311268046e+02
-3.519645047883542333e+01 2.193416628728766682e+01 6.564786263059095006e+01 3.773440425122362285e+01 4.187512868816385492e+01 3.683031482156895811e-03 2.721867175598737276e+02
5.659441802725164194e+01 9.116791470341276238e+01 -3.403529578181905180e+01 3.765802155078912961e+01 4.788208685198529224e+01 2.287862891165305494e-03 2.054368433242577794e+02
3.244942100424756859e+01 1.358178277383919124e+02 6.230673064423483964e+01 3.765442067082525313e+01 8.856084907022371278e-02 1.035409430644878698e-01 1.082438889576941143e+01
1.644254777280771407e+01 2.368550285789190468e+01 -3.563166424889797668e+01 3.760893708630506893e+01 8.564892713720466233e+00 4.799141767814821963e-03 6.460645418157852760e+01
4.792630986752019595e+01 -3.574370501549638135e+01 9.651520449313200345e+01 3.749634102463525664e+01 8.976076990378100362e+00 4.457503761903590378e-03 8.298370816706544417e+01
-3.522816457861765116e+01 4.043254542256602235e+01 1.781930589915874208e+01 3.738402043010997744e+01 2.367396458436701323e+01 4.545347627135829308e-03 2.669676370821633213e+02
7.314072977826862143e+01 -3.123986017496478595e+01 -1.065574451016745527e+01 3.737404139059635355e+01 5.987500004418553345e+00 9.760676895925331567e-03 7.171247541800404690e+01
1.331334934280346545e+02 5.485037338964101394e+01 6.842820882977436625e+00 3.736065298990252614e+01 2.777717735641083596e+00 4.999072257300448546e-03 6.505356201117089654e+01
1.433234162981062632e+01 2.526780711224666476e+01 -3.518964287784793044e+01 3.735292999197491071e+01 1.589007500293424613e+01 5.634434567455172925e-03 1.714456934566590292e+02
-3.374393364288562935e+01 6.638623596279062156e+01 5.867133351353964343e+01 3.731956334412223697e+01 1.845340636655163280e+02 2.210651592285651189e-03 4.638873480837280567e+02
4.728039229565960255e+01 3.817299998347152723e+01 1.353960610415934127e+02 3.730776290174853216e+01 3.882974747164999574e+00 4.119455852087086818e-03 1.604426872911358828e+02
-3.465423203546157538e+01 3.537422313509103589e+01 8.641506614629922467e+01 3.728207416386963047e+01 3.802637941249704312e+01 5.585458006886430404e-03 1.961217095319473174e+02
-8.482623713233124363e+00 3.082960378176143124e+01 -3.226837498189471631e+01 3.717254179423446914e+01 3.079170926284177057e+01 4.541889233956456114e-03 1.537892124749912171e+02
5.333603173683003718e+01 8.218461492720946637e+01 1.346054204272728896e+02 3.715188788433326295e+01 4.578773727458550979e+01 2.232406620591082577e-03 2.602741854594831352e+02
-3.542671375072454509e+01 5.389043389471817846e+01 1.764673315445763535e+01 3.702873086552936854e+01 4.314654212332216332e+01 5.527695912764201899e-03 3.015852525820076835e+02
4.094286762169110716e+01 1.335715760362840854e+02 8.780273284015012791e+01 3.694321013544746535e+01 4.617254654257059343e+01 2.739891393728795602e-03 2.559495027628945536e+02
-3.451532406401310737e+01 7.250696069861507453e+01 3.536038635220270265e+01 3.683929930167081324e+01 1.109659064352250546e+01 2.650406510975344618e-03 2.836307949616737005e+02
-3.374999034436235235e+01 3.315006278605855172e+00 2.937496526708600797e+01 3.680123882112884814e+01 4.026763551404583552e+01 3.585091221068040495e-03 1.980829605172654908e+02
1.324604206458653550e+02 5.507035030681818455e+01 8.620191480780862392e+00 3.678716605588926569e+01 3.598513128140767492e+01 4.802052114177540916e-03 1.984731757090071937e+02
1.322802245112003732e+02 5.456709174364401349e+01 3.822620435601047806e+00 3.668817570659376770e+01 1.131301381804937911e+01 7.151894541806414624e-03 1.294847212704206072e+02
1.311003513061571084e+02 2.568919135307532642e+01 1.073341846616643522e+02 3.668717160886662754e+01 5.712146839822927546e+01 3.010021170291299168e-03 2.494191188551747302e+02
6.811989006538097158e+01 1.344567630668898062e+02 6.320012978529583592e+01 3.660343345017724914e+01 1.110247166168939614e+01 3.519209290513455012e-03 8.047256055244204731e+01
5.756135973798941308e+01 1.130592548611977399e+01 -3.468357619125524138e+01 3.653116695935989355e+01 3.045139914762555122e+01 4.337134348245023398e-03 1.863024279098770819e+02
8.646145306602997493e+01 6.468735372809544515e+01 1.340697550275608023e+02 3.647705866834326827e+01 4.757415954831387950e+01 2.941977648639480369e-03 3.071473625349894405e+02
-3.338153282080848783e+01 7.555334079018597038e+01 9.663458120709530874e+01 3.646099831820419723e+01 9.447893959298636446e+01 3.598545318166946217e-03 3.148647791755593630e+02
4.012916403256118514e+01 8.068271779815991351e+01 1.332812287515594960e+02 3.637758443287651033e+01 1.527657987712477450e+02 2.604897512681038363e-03 4.532966479871207639e+02
1.335768753749841551e+02 7.484412508422987287e+01 9.044377883120532147e+01 3.632458218328172705e+01 6.314510441885600756e+01 2.809779516575120883e-03 2.611766240464316979e+02
-3.329752757430673427e+01 7.227464080147991865e+01 4.239858937550602036e+01 3.630017789111641235e+01 1.354179602871470820e+02 2.346771970825548524e-03 4.741221648658354866e+02
7.210034938880576760e+01 6.141479597772244858e+01 1.333764903652387659e+02 3.621463903525783223e+01 6.940875163349178933e+01 2.145418520092726329e-03 3.813982379310074293e+02
-3.405072460087089325e+01 1.077179195404806045e+01 8.302741940145011768e+01 3.618021344608368395e+01 1.828622626391765493e+01 5.010374683504437675e-03 2.288303569405102849e+02
1.317702036826074163e+02 5.500755881057848740e+01 9.423481102826155364e+00 3.613977129563910040e+01 3.969149620356705555e+01 3.613058612167296176e-03 2.029910936718746370e+02
4.822010091639290863e+01 9.425059877521346152e+01 -3.188043947448772997e+01 3.609394233101065197e+01 5.342596336042860372e+01 2.652988905189815685e-03 2.215013092087290545e+02
9.925534697179904242e+01 1.320048042013768850e+02 6.220108157090706413e+01 3.607885829410066236e+01 3.924053919566470938e+01 2.733513737457351610e-03 1.498737478340026144e+02
9.196025943821983617e+01 2.550917676299707537e+01 1.341662828813468593e+02 3.606765874112158343e+01 5.679909982602416818e+01 3.045507013841892291e-03 2.908487544593758116e+02
3.297467202823058585e+01 4.457530884353110068e+00 1.316741062188953322e+02 3.597747510416756000e+01 3.374472879049911000e+01 2.884928303526783713e-03 3.337600481997639008e+02
6.458694653361314408e+01 1.335520471729196572e+02 4.250304614266546821e+01 3.590870797116902935e+01 4.776703239902070663e+01 3.579577980070392049e-03 4.388582528199999615e+02
1.065009031764674177e+02 1.311404953458897467e+02 3.986826180365255823e+00 3.572459067784583908e+01 1.473723836927836039e+00 1.152558798186028438e-02 4.546165981968809433e+01
6.374606795143769489e+01 1.332417274201272619e+02 1.330818258347439453e+01 3.562069754688775447e+01 5.619301889800310335e+01 3.407598081759769491e-03 3.255375684115352328e+02
1.310920809382468200e+01 -3.225984254263404694e+01 1.030070623356890707e+02 3.553556337778456964e+01 1.492305652099985025e+01 7.588459111892518344e-03 8.540482989338366338e+01
7.136210606308873139e+01 1.326439179485672639e+02 6.119352732026674602e+01 3.538632929828498419e+01 5.087514196318264936e+01 3.508013955351304940e-03 3.395783315405254257e+02
8.566838991702537953e+01 1.315432267065916392e+02 -4.161839681988598549e+00 3.523420624379132704e+01 3.108727869603478666e+01 4.202510050358716776e-03 1.827956133490503703e+02
3.642285406689602212e+01 -3.266238089368641795e+01 8.350106181589494270e+01 3.513937962314311392e+01 2.552147511248249145e+01 3.539212062963130283e-03 2.739621594714204207e+02
7.139757058732537587e+01 1.323566446806740942e+02 6.119452507296055899e+01 3.511466929639234280e+01 5.161363156156154730e+01 3.986068926615975519e-03 2.427048439265982722e+02
7.134967884189090626e+01 1.323347647899757078e+02 6.114055444573249076e+01 3.508379559301499029e+01 2.212626475090674560e+01 4.002596653736720765e-03 1.274876578341577442e+02
4.904557313206543512e+01 1.476062781090999465e+01 -3.282112909959032976e+01 3.503942577952557258e+01 3.988421204168868428e+01 4.185349762815792837e-03 1.982707512131034946e+02
1.325973614102426552e+02 4.333776908769827685e+01 4.535584374809686636e+01 3.482354734038923993e+01 4.463787871358653092e+01 2.709066660051680404e-03 3.014929023474149972e+02
3.600961341538952354e+01 1.318996848007240601e+02 6.124254323080889151e+01 3.478708007115105261e+01 7.840467850873875477e+01 3.805659346742448854e-03 3.984221084940603532e+02
5.941887978077713228e+01 8.879851714102878191e+01 -3.092581683760733569e+01 3.477553130685793548e+01 8.658665924845058726e+01 2.399866458837379181e-03 3.209475789361637226e+02
5.506723445166767306e+01 1.306826340114488971e+02 7.757261935236046213e+01 3.469789032354911740e+01 1.446017470817872095e+02 2.641724355562529748e-03 4.025110410818256241e+02
1.682828737908958416e+01 3.176089544831566869e+01 1.316960207237594886e+02 3.467269192892582197e+01 2.058565623220498253e+01 2.222807269943590305e-03 3.842652402364293494e+02
8.266022347810093873e-02 2.212883801252881355e+01 1.327015162570536972e+02 3.455872680446038459e+01 4.370683667803874961e+00 2.253510192413204355e-02 5.926183847163259344e+01
-3.188380741593768519e+01 9.926526458945032516e+01 4.512363613440541599e+01 3.447415612439375110e+01 5.023338002450746131e+00 5.778005931067083795e-03 7.081072538322442256e+01
3.801290366668789034e+01 1.311096454271871039e+02 8.336265906847023643e+01 3.445528974651117693e+01 6.227313190729729087e+01 2.495268845363917461e-03 3.118366840873773072e+02
6.473721644423164889e+01 1.319064863010794681e+02 4.249724985874609473e+01 3.432043023226925982e+01 5.830325014045635079e+00 5.098686958679787308e-03 1.901253829328690585e+02
6.402780051991635446e+01 1.315463603905163268e+02 1.290962407270994561e+01 3.396958117427999468e+01 3.859398533033616019e+01 2.770424683609257806e-03 2.525458418432022540e+02
-3.160453595637827107e+01 4.551576645423944711e+01 6.700968206066437460e+01 3.389135120478317731e+01 4.727637996161340794e+01 4.206130448828410834e-03 2.011163365609572793e+02
5.219443974365039196e+01 3.287514281278470207e+01 -3.106394978415900354e+01 3.377248072807201140e+01 1.171043036813663036e+02 2.594295425923618358e-03 3.963109489796432854e+02
9.070024045885396902e+01 2.680809890281815555e+01 -3.093691633472609936e+01 3.356232095137276161e+01 2.018341464655306083e+01 4.693642467722073351e-03 1.276834509789187848e+02
9.457481323621534841e+01 8.250907610855941243e+01 -3.057364974715315853e+01 3.352935646214473309e+01 2.987240089358667916e+01 5.686514593391367445e-03 1.384483395253424760e+02
4.882298470470365714e+01 1.509992612811916501e+01 -3.122772453112325053e+01 3.352804027800714692e+01 5.117318237220038668e+01 3.693415103913781031e-03 2.650947579749920919e+02
1.031148712937458924e+02 1.725168808668364306e+01 -2.787943637390110396e+01 3.332998971943185040e+01 3.699132845895286437e+01 4.146050112223816260e-03 4.074219382825722846e+02
6.844403365481304036e+01 1.319837488935288832e+02 2.865280678049537499e+01 3.329022999608454825e+01 4.519622813414937212e+00 5.689250577803089959e-03 8.450204013562792227e+01
5.512125934537389327e+01 1.292017052657371323e+02 7.677798566012826598e+01 3.321913673135610878e+01 6.151840013958275222e+01 2.838564255422490468e-03 2.977584405609743499e+02
3.025804080444730459e+01 -3.124362354735093206e+01 8.752863868932627156e+01 3.320026162721492824e+01 2.932232934223932119e+01 4.638202621403364652e-03 2.084262034526622358e+02
-2.974229209576738953e+01 7.492147185918223329e+01 9.864053349481295641e+01 3.312674318312972588e+01 4.536295801487513302e+01 3.879650661669233405e-03 2.098910985751934675e+02
1.297703620063289343e+01 6.795743473614638219e+01 1.303966639571148107e+02 3.305169301239701696e+01 3.820822598033293360e+01 4.444512690936176617e-03 1.539054055147464339e+02
2.761690861735810998e+01 3.499893638523495554e+01 -2.988588351489007167e+01 3.296422861864358111e+01 5.088234813825401659e+01 2.485096619725351771e-03 4.463734866289848355e+02
8.455928101444056821e+00 8.067108751486204099e+00 1.323241381973732018e+02 3.285777823748405524e+01 1.093170255772831112e+00 5.327634780901904094e-02 2.882164167984483072e+01
-2.994426743966944571e+01 8.155406598505837223e+01 1.767827879812073988e+01 3.272338114888447791e+01 2.495627086276516948e+01 6.338503834801331900e-03 1.742697591265117865e+02
4.918041271002178405e+01 1.281508303368055977e+02 8.363292334124318472e+01 3.252492768014186453e+01 1.305396739541935176e+02 1.780694730892601850e-03 3.578184772898268875e+02
1.304463321180932951e+02 3.172953829890246524e+01 1.371875691363177729e+01 3.248032747550642796e+01 3.746288479857577158e+01 2.454763953415390904e-03 4.082757420679131428e+02
8.292362742577961399e+01 -2.767933605728002533e+01 -3.898085415547865917e+00 3.224364803450509953e+01 6.492054495626065957e+00 7.592128965099173392e-03 7.597773057672392838e+01
5.429151706510510422e+01 8.274848222378537344e+01 1.293413532745520058e+02 3.206255552703406408e+01 4.729061748871332327e+01 2.775317423337451701e-03 3.756599801240604393e+02
-2.602162179308075096e+01 -2.917665415305692456e+00 1.196629276090962701e+00 3.199243990625205569e+01 1.755347488076991924e+00 2.844280914500684626e-02 1.058705607102490944e+02
1.269843720123095068e+02 5.522180025069425113e+01 7.712557040108573680e+00 3.176734847052410160e+01 6.798217024793808605e+01 6.954874398683507861e-03 2.519763046009379934e+02
1.028898476616132314e+02 1.711089247745476527e+01 -2.606553722873229262e+01 3.166341781225694874e+01 7.605323727165730929e+01 4.213227233158721441e-03 2.686859164837453022e+02
1.176385786974262082e+01 6.971546554070476986e+01 1.289260318857158438e+02 3.158298722115674195e+01 4.473969434987117921e+01 3.171653275341931952e-03 1.647619480522699860e+02
-2.730912504689221976e+01 7.047406561443629869e+01 6.400229512109201835e+01 3.157823149432802978e+01 1.367808866884064685e+02 2.202361491897189116e-03 4.237082935600305973e+02
1.675402149281459430e+01 1.282744218209275857e+02 9.913076894674063055e+01 3.151746488533138191e+01 4.475091646465828887e+01 5.225781425428684991e-03 1.799666466181365081e+02
1.027450963301353113e+02 1.700219418626719303e+01 -2.597406980515886232e+01 3.150809834613739113e+01 3.518751958828811865e+00 7.214043209402708559e-03 4.446795013032984656e+01
-2.912267126360677238e+01 9.188196711482231649e+01 5.339054405594347230e+01 3.148685680869199999e+01 5.567994869193940133e+01 2.701002407513294901e-03 2.563058244080927466e+02
9.213196057096979530e+01 2.595341132849132038e+01 -2.871074632214476807e+01 3.145183909543583667e+01 1.267804843951948079e+01 6.503561912832364969e-03 8.077152042229866424e+01
1.266032017269143921e+02 2.806547663297672024e+00 2.158543644438351805e+01 3.142259668852964083e+01 1.444604677570864837e+01 3.602768925250505235e-03 2.782353422688132127e+02
1.265355646589201370e+02 4.458643760746645057e+01 1.020741200072671262e+02 3.126302508913778411e+01 6.977452847663602142e+01 4.168391475975032415e-03 2.760547099061531640e+02
8.098635304828313508e+01 1.250329476018246453e+02 1.007401513382999241e+02 3.100040780350258274e+01 6.072972491979396636e+01 2.926995731419318719e-03 2.839967849387010119e+02
4.809242499423886130e+01 -2.679270807159274881e+01 3.326335704059201959e+01 3.045404158089544211e+01 8.370107630356932304e+01 2.360772665063623661e-03 2.669695737636773174e+02
1.032006230974915297e+02 1.705735988418732774e+01 -2.458109061272221396e+01 3.043172913053037121e+01 2.536716717701321500e+01 4.350667128576992705e-03 2.970868314788850739e+02
-2.643087986729034711e+01 6.654498757090992456e+01 5.736556448189598001e+01 3.034195160926510582e+01 8.540207936615774997e+01 2.709454730000559596e-03 2.728057232132370018e+02
1.015499954311409425e+01 6.533835786096722664e+00 1.293658263938453103e+02 3.014566716904588262e+01 1.477909077054355258e+00 5.082189900606707417e-02 4.697626458022980955e+01
7.033419161960118515e+01 -2.728353613604047823e+01 5.473681542405928013e+01 3.004321110115508731e+01 2.558629833352154037e+01 3.358133960128624734e-03 2.949057567794123429e+02
1.847159411278419228e+01 1.292485543860118469e+02 7.280945368847706334e+01 2.981273333430318928e+01 8.065562430658977933e-01 9.120272180880631407e-02 4.254634257566658562e+01
1.079699372063887495e+02 9.331856043325421979e+01 1.245710159912603388e+02 2.972526711624301043e+01 2.735495377074614876e-01 9.877346779778804417e-03 1.959151506841378776e+01
4.645548209707383336e+01 -2.649079579604052626e+01 3.174167394915360774e+01 2.964163668155405063e+01 4.925283872465403334e+01 2.845355533115882969e-03 1.731492076553463448e+02
2.937845715326929863e+01 6.282649985671929471e+01 1.263558066739009575e+02 2.957774689397141898e+01 2.981826143135910812e+01 1.957706053945158266e-03 2.600843503081239874e+02
2.297359886387314987e+01 -2.658553798442104110e+01 1.199389934008001468e+01 2.947563054123658333e+01 3.319874549181521672e+01 4.173643273675568637e-03 2.783775063250795938e+02
1.085774765883787119e+01 9.944299464760113949e+01 -2.600939038934556891e+01 2.926427116686505414e+01 3.879569790172427091e+00 4.053915072717189857e-03 1.397320689639753937e+02
1.708740070199701222e+01 6.469704195108948852e+01 1.260135302457680808e+02 2.924751023941070471e+01 5.560777852214480532e+01 4.892903567321886180e-03 2.469810941601916738e+02
8.912176076869828822e-01 2.193637617849242716e+01 1.272558290891840898e+02 2.913951636766811859e+01 1.812647999005802646e+00 2.548993812563640771e-02 5.632882654754534713e+01
1.260305795298868219e+02 1.249638015173412597e+01 7.271782486259581901e+01 2.913894976291212302e+01 2.699682524041364928e+01 5.055304601280667665e-03 1.425792977833307305e+02
2.375044365547301339e+01 -2.621660934139258359e+01 1.340204959277664187e+01 2.907458276059869817e+01 2.567435513426281091e+01 3.730092939526825652e-03 2.226270016903947919e+02
1.264689913326212007e+02 1.024978335742624580e+01 7.532454546414666652e+01 2.902117175262710802e+01 3.191276919161087733e+01 5.204400902656142192e-03 1.622075505684933887e+02
1.254041205204918157e+02 1.337838228369461469e+01 7.008799761022532948e+01 2.888346400606809183e+01 4.484684201362183131e+01 4.435497400834913055e-03 1.654334179973192818e+02
1.252858675125276591e+02 7.471813844063846943e+01 8.602162102227423190e+01 2.885672253928887443e+01 1.448934718222259335e+02 2.131160951482329122e-03 5.313958999367829392e+02
1.251191433336484380e+02 1.347081235811243261e+01 7.030275974096743141e+01 2.866264888475234685e+01 1.037403704013628527e+02 4.025311091602343065e-03 4.065352786638959515e+02
1.256409879552509778e+02 1.345056498756061814e+01 5.508929189722190500e+01 2.852887644793392852e+01 8.391172991197333886e+01 4.005698118272468453e-03 2.816568529003299659e+02
-2.342978089087538152e+01 7.097347538636451247e+01 6.578843348756726073e+01 2.815553464459363653e+01 6.770529144737133720e+01 2.684570831190309561e-03 2.168002676846507768e+02
3.846377539617107999e+01 1.252343635355733795e+02 9.350616808741506247e+01 2.812136702262681709e+01 1.355677996967004084e+00 1.127289765463569682e-02 6.383489863197858938e+01
1.144808145091767955e+02 1.054928442712852785e+02 1.130056911780632873e+02 2.794416889050241082e+01 9.102086689907429307e-01 9.922745222323592004e-03 5.929051840672508433e+01
-2.315974169388489656e+01 7.100429908023578207e+01 6.579140179695454549e+01 2.791120856200948097e+01 3.041634922517768658e+01 3.322361612424533633e-03 1.330863456556600113e+02
2.075454069307633986e+01 1.254509252659074576e+02 8.455393105637057261e+01 2.775458039945743138e+01 2.351083550961111968e+01 8.641939160277056775e-03 1.896822741060206852e+02
1.000056427925675422e+02 -2.426686624205476406e+01 8.614192005928367735e+01 2.772748756634207368e+01 2.606544017544631942e+01 6.032737175445368992e-03 1.527778051091525811e+02
4.477644596470121030e+01 8.038878316112221967e+01 1.240025097092419628e+02 2.750652230398636533e+01 6.494901871293311046e+01 2.773052248763746824e-03 2.196430655790894662e+02
3.695391544198876232e+01 1.239971680593003640e+02 8.405800472897553277e+01 2.747621919867326667e+01 2.200996092811502791e+01 2.611094729002827290e-03 1.701954174375887874e+02
-2.239252144018059099e+01 7.179971468420204417e+01 6.861845057859537178e+01 2.740654132973292434e+01 2.495090801496160680e+02 1.943704623662858210e-03 6.100330654701863295e+02
2.101193183502779860e+01 5.838167182226163021e+01 1.252097746788896302e+02 2.738724876546980624e+01 1.325115680427510156e+00 4.368018722929187421e-03 6.565461897146022352e+01
4.573933947626192875e+00 1.067478688277908105e+02 1.178380763500785378e+02 2.728612899168207306e+01 3.773053335403641739e+01 8.637068830924294130e-03 1.895345960628179682e+02
4.308370214230216533e+01 8.067798973325974998e+01 1.235897554036387902e+02 2.717726988417528489e+01 5.585454959571413980e+01 3.275288270905815039e-03 1.907513712841372353e+02
8.923644728327170128e+01 8.280421026920679139e+01 -2.335127200570558514e+01 2.684237723100121542e+01 6.597774255777110852e+01 4.867114292632131710e-03 3.181113495514014744e+02
-2.379015818936967364e+01 8.057817378254905805e+01 2.203583581382602219e+01 2.665087159228787073e+01 2.273699577858987197e+01 5.862519334901731410e-03 1.390349313867337457e+02
3.911151768888986879e+01 1.232028189969663572e+02 9.178017607575750958e+01 2.650308653720970398e+01 6.934011060271195959e+00 1.109296321000921050e-02 1.281721561846996167e+02
1.057153387530898669e+02 1.234632010820111816e+02 8.582612868068828504e+01 2.640054755491809857e+01 5.498795899478409410e+00 4.156621917169391750e-03 7.092773370282196765e+01
-2.261029355889220227e+01 8.767049119067755214e+01 2.195203453375145486e+01 2.603561536664214060e+01 1.158697037588442669e+02 2.719949943777646463e-03 4.436614361172172494e+02
-2.091658740279638096e+01 7.119545040611885156e+01 6.381710929786593312e+01 2.571332094080694830e+01 5.390022042965527049e+01 2.840152273131413621e-03 2.738062713476896306e+02
1.103505547910323403e-01 1.196867742153502832e+02 8.531809638758053538e+00 2.525390493043225604e+01 1.707811368027055607e+02 2.429242296175145033e-03 3.812397315823304780e+02
1.047681602772567366e+01 9.271011450972284251e+01 1.205531201044181415e+02 2.500129463923436646e+01 3.953587003178184034e+01 4.606398709080639954e-03 2.186851392269547034e+02
2.557026301218029651e+00 1.202929440303460495e+02 1.018221860755403796e+01 2.487313943455343690e+01 6.275164417970590591e+01 3.234511233509837144e-03 1.723878193128213923e+02
2.822389452035424284e+01 -2.192552925574625888e+01 1.663039076148474038e+01 2.467980224031999725e+01 5.461652358771960536e+01 3.594189714805548757e-03 2.467133074216761486e+02
-2.263775152584828376e+01 8.292674144191197172e+01 7.715801116195170728e+00 2.456383046144347659e+01 8.281080678141666596e+00 1.016686441090061330e-02 5.928072307518222317e+01
7.178911588984366432e+00 8.406383706542534640e+00 1.238386582480063538e+02 2.433836768652066596e+01 4.177134556947972310e-01 7.895871281501312677e-02 1.625504237066891022e+01
-1.795439823028154791e+01 5.544062547883552017e-02 3.208764124653536776e+00 2.340403686073333844e+01 2.914781968618023633e+00 3.065216538894771289e-02 2.964983921087072360e+01
1.027960614963380337e+01 9.527121757517502942e+01 1.178447206908125082e+02 2.307858262732042220e+01 3.643907646387059884e+01 5.010765216430713986e-03 1.768895210435852619e+02
-1.726343084827547614e+01 -2.662662757791172119e-01 3.131093317528818254e+00 2.288472505627077069e+01 8.254947441574525868e+00 2.909509249713058618e-02 8.904628408160692743e+01
8.495443765336434083e+00 8.606062022747039464e+01 1.191004650659189679e+02 2.275075650305152664e+01 1.560085144946157598e+01 4.746043632068282399e-03 9.295840072840590551e+01
9.441778514824949298e+01 8.322702335504598636e+01 -1.927089076097970732e+01 2.244595108082948798e+01 2.863314573601222435e+00 9.962175677060043644e-03 6.412999465785145503e+01
1.049675696004904495e+02 1.627801496745684418e+01 -1.335844579086191963e+01 2.183748191519334014e+01 2.121001667932306987e+02 2.544580634975846488e-03 3.368132446759774439e+02
1.667837582906089011e+01 1.184376865968314405e+02 9.303746304815375368e+01 2.176021137088394752e+01 3.310440252034251074e+01 5.698568831946942102e-03 1.309759245851877836e+02
1.671410257566781965e+01 1.176835130037014920e+02 9.030120395183938342e+01 2.111056551927135416e+01 6.467600008446362381e+01 5.954106929019695182e-03 1.941270216725881141e+02
8.211099221708041185e+00 7.976228784059146903e+01 1.169297444726422839e+02 2.099738146274567185e+01 9.901782615771027452e+01 3.832611831119216508e-03 2.716830728449233447e+02
-1.778182993419077373e+00 1.139278144878354766e+02 9.708465535418929093e+00 2.026320954704964450e+01 4.276789678769689118e+01 3.698587084332197617e-03 1.488747614653564710e+02
9.931169885115255624e+01 9.066799231854400887e+01 -1.693977163502891869e+01 1.978500480761809044e+01 8.344340601303783522e-01 1.920471667496045226e-02 1.871887775240924867e+01
1.113541556894856654e+01 9.363568380085860099e+01 1.139597856719998248e+02 1.935465854649318018e+01 2.847825456178196646e+01 4.291243439102764706e-03 1.433725356373306568e+02
1.030599435432202853e+02 1.724422221974238667e+01 -1.117440335315628808e+01 1.923937313399339644e+01 6.172907231197522293e+01 4.684964029232636940e-03 2.156989900554735300e+02
1.146562137080339383e+01 9.211854471441655789e+01 1.139227277810687156e+02 1.905449924976322151e+01 4.113880036172491828e+01 3.886876931752690674e-03 1.933507155440816518e+02
1.157798078822811476e+02 3.644188306429449575e+00 9.231605027315781342e+01 1.853076766620592153e+01 1.286010411432126155e+01 5.552920886241611599e-03 1.348293368667127368e+02
2.441364782029198821e+00 1.121348086403557573e+02 8.408484761980624000e+00 1.816040416636665000e+01 6.123291201742613055e+01 3.977011032838876498e-03 2.567043893382565329e+02
1.101331848081565568e+01 -1.397858175479306198e+01 9.741131467902998509e+01 1.713304177377782977e+01 8.250030352309511983e+00 2.392006000825640938e-02 6.001612027869556698e+01
2.891659355756583949e+00 9.050370947942356281e+01 -1.408751556985633613e+01 1.699890092545436815e+01 6.154157063668216132e+00 5.087833534426026809e-03 6.531522678824374850e+01
-5.800916101912379830e+00 -8.481659158118457498e+00 9.836796838326102943e+01 1.634990636536723585e+01 9.655468325523013817e+00 2.033753906643680220e-02 8.077459583720144565e+01
-9.335062579953961048e-01 1.022369174381180983e+02 1.060106895015735802e+02 1.606022264745677930e+01 6.960306820325695476e+00 9.144920069546591535e-03 4.285350096011961085e+01
1.037501547945032598e+02 9.989466230759131804e+01 1.029304465998544060e+02 1.276048201398318227e+01 7.315141845232256301e+00 1.050392912641025071e-02 5.433623715742886162e+01
1.021375663492346177e+02 9.698191194064152398e+01 9.786067877303375440e+01 8.225882611137672384e+00 7.099676742135285767e-01 9.422151207689473396e-03 3.692192068515369385e+01
